1	清水斷崖	24.15762,121.621614
2	部拉坦風景區	24.104258,121.606421
3	太魯閣遊客中心	24.157461,121.622407
4	砂卡當步道	24.161653,121.613524
5	長春祠	24.162172,121.604426
6	布落灣遊憩區	24.170649,121.573023
7	燕子口	24.172871,121.566499
8	錐離古道	24.172788,121.566585
9	九曲洞	24.171226,121.530579
10	綠水合流	24.180564,121.509143
11	白楊步道	24.184738,121.490271
12	天祥風景區	24.182933,121.494691
13	梅園竹村步道	24.235147,121.481738
14	西寶國小	24.207849,121.482019
15	新白楊服務站	24.198259,121.432389
16	碧綠神木	24.18075,121.402975
17	關原雲海	24.186632,121.338049
18	大禹嶺	24.180535,121.312087
19	小風口	24.162084,121.287389
20	新城天主堂	24.1281,121.6498
21	七星潭風景區	24.032021,121.628523
22	七星潭柴魚博物館	24.026985,121.629212
23	向日廣場	23.994673,121.638274
24	七星潭自行車道	24.028886,121.63003
25	花蓮觀光酒廠	24.017622,121.636844
26	慈濟靜思精舍	24.054576,121.601469
27	松園別館	23.982542,121.616056
28	美崙山公園	23.99174,121.61282
29	北濱公園	23.978863,121.617442
30	石藝大街	23.97377,121.6937
31	花蓮創意文化園區	23.976195,121.604442
32	鐵道文化商圈	23.979675,121.607278
33	花蓮縣石雕博物館	23.989487,121.62833
34	舊鐵道文化商圈	23.977391,121.607489
35	慈濟文化園區	23.994617,121.593222
36	紅葉溫泉	23.490741,121.325460
37	連城連花園	23.956877,121.544908
38	吉安慶休院	23.974009,121.564359
39	知卡宣森林公園	23.956042,121.584302
40	初英親水生態公園	23.954563,121.542185
41	楓林步道	121.549596,23.969715
42	佐倉步道	24.018589,121.576526
43	鳳林客家文物館	23.747641,121.451427
44	米棧古道	23.798887,121.524872
45	池南國家森林遊樂區	23.918206,121.502008
46	鯉魚潭	23.930446,121.509647
47	白豹溪	23.88973,121.511082
48	立川漁場	23.864489,121.521957
49	國立東華大學	23.892312,121.544516
50	新光兆豐農場	23.806937,121.450059
